457264968.7
532138300.8
335500027.8
404766399.8
336302129.9
327382417.4
397919382.5
388419330.2
376104792.6
431726208.4
507122991.8
397526509.5
440904713.9
389991949.7
377896357.8
488768039.7
383447256.5
425970404.3
413609372.8
437128219.1
381128942.7
362287945.9
408227120.3
391287603.9
349900811.2
463219883.4
376469966.6
444602190.3
392467511.6
466602596.9
482272744
358770045.4
398593291
408054438.4
371035630.4
407493357
358056899.3
394010760
415007296.9
385778099.5
498280744.6
423701323.3
400602281.9
422094931.6
414522649.7
419384463.1
476095711
477664182.3
430947202.5
469282862.7
395250481.1
418159836.5
425831063
397793231.4
434461625.4
362608400.4
384263896.2
401129612.7
386525020.9
409406087.9
355771092.5
401707971.3
360781200.5
370890126.8
376854874.3
448378031.6
400909978.5
334035440.1
378394709.7
367529744.4
364268660.3
358072691.9
428955929.4
389180233.8
359125072.4
346188453.3
400231917.9
432535849.4
373415039.4
418060149.1
379029920.7
340314615.9
376121899.8
461414138
393186666.3
332597376.7
432098864.5
586328224.8
485117081.9
370208317.6
395465706.4
370192156
330921471.7
432982647.5
392366630
356369628.1
458003882.2
474426989.5
364630727.8
511852684.2
369110548.6
415232027.4
376152997.1
380924681.3
399969649.1
420088652
413755468.6
414043370.7
346811693.3
406882747.7
395463818.2
384601553.1
389114859.9
401558250.9
425916399.7
408783488.6
488058528.2
525704025.6
322164865.8
380134783.9
343464424.5
360592651.4
430027137.9
379623327.8
368452174.7
379309837.2
550984020.6
389047740.3
434944582.8
380892997.2
367711517.4
417068001.7
364220593.8
391904903.5
463995206.9
378027714.8
364511738.9
365602921.3
406777785
361633458
341257149.8
409003121.5
371574960.4
429799103.8
361989960.6
454940755.2
395197134.7
337229511
540520691.9
405188695.5
363034433.7
346622544.7
407686230.7
345505474.2
317266151.1
476792608.2
426999119
402801082
349787060.8
392875191.1
373920506.5
347863494.9
343397363.8
370722453.7
353887839.2
424238385.5
325390933.6
361882826.2
334074666.9
336662214.2
414839179.6
338284107.9
354697187.3
354465509.7
499972483.2
356528295.5
328690662.9
417211257.4
358926255.2
378123857.2
342348777
436568126.5
352929076.2
366221255
415066014.2
457729981.6
369054556.7
353116862
331076102.1
352882112.3
354547681.3
352456649
384543342.8
345954177.5
380798152.8
345892895
393288584.8
433272304.3
375180854.8
436372501.7
367219872.4
353020332
326701843
332514967.8
415516206.9
405752564.4
375821575.5
396790783
387121704.8
433893184.8
457994765.3
365198755.4
444429554.9
441626761.8
378270357.1
410617333.5
441866075.1
427210908.6
437448500.4
433822612.7
534194799.5
476214953.4
387170359.9
420722606.5
425567247.3
402537852.7
454951986
394124630.4
416258873.7
468341757.7
521432866.4
437296100
490136194.9
378253491.1
328067887.9
397149021.6
396978022.6
345540237
354878938.9
394372119.7
352833632.9
365093921.7
425507105.8
380220507.6
369572910.9
352236727.7
419683051.2
353420131.5
348651379.4
358273243.5
394246149.5
393063899.1
396638535.2
330294175.2
388973907.6
433913193.9
363313535.7
424895997.6
417892291.9
352239053
329291337.3
338845303.4
386945836.8
359220408.5
383071993.7
354087339.7
426830297.7
338074217.3
366549066.8
367286660.2
376595671
365688757.3
339559231.3
369541984.3
370521180.1
341876537.1
350115787.1
385418041.8
370644503.6
347424410.1
333490530.7
380132769.9
392747789.9
353379602.7
411264010.5
358255530.2
347127595.7
364077268.1
449802170.9
378819853.4
444255136.8
452096480
339981822.6
476532378.6
386459612.9
337983520.5
364300069.9
385168576.8
371051302.7
430632138.5
463108350.4
396507088.9
403701625.2
348341787.2
369368039.1
414086431.2
382333840.6
390055097.8
475823390.5
387762849.4
388275655.6
362776001.4
372800461.2
409072580
372557240.7
489317717.5
351407230.7
362424895.7
392390266.6
412692454.6
358064035.7
325339404.3
362589710.3
382614618.5
331506304.2
353005782.3
437295969.5
352078036.1
327005527.6
408572122.3
361999219.3
375546631
348492140.7
406599888
352528015.8
348952005.9
338063289.2
379396611.3
372426100.3
389304310.9
339462206.5
357138089.8
368244498.7
414267607.8
448403277.4
352995371.2
371979245.9
350294213
509210364.5
373506498.6
328865995.7
493409440.6
354680444
346911186.1
401944798.3
386147610.2
355339830.3
416866667.2
414550548.4
404589992.8
402926184.9
383373670
458866584.1
407380356.6
447357113.6
394369082.7
465334792.6
378772196.5
402175372.2
346846771.4
396490307.4
406171546.7
352264923.5
489610764.1
420424122.6
355415326.4
394081894.6
498318922.4
412957475
337786115.9
424709732.1
384908294.7
357290231.8
355120086.4
398564172
365630746.6
389674695.7
443058831.4
428478156.3
430666061.5
338462818.1
377806907.8
387922332.7
374243910.4
357952963.1
394622686.8
368720938.5
409895828.8
331114269.2
378456826.4
333444920.5
373147228.4
445034639.3
338724426
351509244.6
387880174.4